# QGIS Generated Color Map Export File
INTERPOLATION:INTERPOLATED
-6000,0,0,0,255,213.15
-1000,0,0,255,255,263.15
-955,0,4,249,255,263.6
-910,0,9,243,255,264.05
-864,1,13,237,255,264.51
-819,1,18,231,255,264.96
-774,1,22,225,255,265.41
-729,1,27,219,255,265.86
-683,1,31,213,255,266.32
-638,2,36,207,255,266.77
-593,2,40,201,255,267.22
-548,2,45,195,255,267.67
-503,2,49,189,255,268.12
-457,2,54,183,255,268.58
-412,3,58,177,255,269.03
-367,3,63,171,255,269.48
-322,3,67,165,255,269.93
-276,3,72,159,255,270.39
-231,3,76,153,255,270.84
-186,4,81,147,255,271.29
-141,4,85,141,255,271.74
-95,4,90,135,255,272.2
-50,4,94,129,255,272.65
-5,4,98,123,255,273.1
40,5,103,117,255,273.55
85,5,107,111,255,274
131,5,112,105,255,274.46
176,5,116,99,255,274.91
221,5,121,93,255,275.36
266,6,125,87,255,275.81
312,6,130,81,255,276.27
357,6,134,75,255,276.72
402,6,139,69,255,277.17
447,6,143,63,255,277.62
492,7,148,57,255,278.07
538,7,152,51,255,278.53
583,7,157,45,255,278.98
628,7,161,39,255,279.43
673,7,166,33,255,279.88
719,8,170,27,255,280.34
764,8,175,21,255,280.79
809,8,179,15,255,281.24
854,14,181,15,255,281.69
899,20,183,14,255,282.14
945,27,185,14,255,282.6
990,33,187,14,255,283.05
1035,39,189,13,255,283.5
1080,45,190,13,255,283.95
1126,51,192,12,255,284.41
1171,57,194,12,255,284.86
1216,64,196,12,255,285.31
1261,70,198,11,255,285.76
1307,76,200,11,255,286.22
1352,82,202,11,255,286.67
1397,88,204,10,255,287.12
1442,94,206,10,255,287.57
1487,101,208,9,255,288.02
1533,107,209,9,255,288.48
1578,113,211,9,255,288.93
1623,119,213,8,255,289.38
1668,125,215,8,255,289.83
1714,132,217,8,255,290.29
1759,138,219,7,255,290.74
1804,144,221,7,255,291.19
1849,150,223,6,255,291.64
1894,156,225,6,255,292.09
1940,162,227,6,255,292.55
1985,169,228,5,255,293
2030,175,230,5,255,293.45
2075,181,232,5,255,293.9
2121,187,234,4,255,294.36
2166,193,236,4,255,294.81
2211,199,238,3,255,295.26
2256,206,240,3,255,295.71
2302,212,242,3,255,296.17
2347,218,244,2,255,296.62
2392,224,246,2,255,297.07
2437,230,247,2,255,297.52
2482,236,249,1,255,297.97
2528,243,251,1,255,298.43
2573,249,253,0,255,298.88
2618,255,255,0,255,299.33
2663,255,253,0,255,299.78
2709,255,250,0,255,300.24
2754,255,248,0,255,300.69
2799,255,246,0,255,301.14
2844,255,243,0,255,301.59
2889,255,241,0,255,302.04
2935,255,239,0,255,302.5
2980,255,237,0,255,302.95
3025,255,234,0,255,303.4
3070,255,232,0,255,303.85
3116,255,230,0,255,304.31
3161,255,227,0,255,304.76
3206,255,225,0,255,305.21
3251,255,223,0,255,305.66
3296,255,220,0,255,306.11
3342,255,218,0,255,306.57
3387,255,216,0,255,307.02
3432,255,213,0,255,307.47
3477,255,211,0,255,307.92
3523,255,209,0,255,308.38
3568,255,207,0,255,308.83
3613,255,204,0,255,309.28
3658,255,202,0,255,309.73
3704,255,200,0,255,310.19
3749,255,197,0,255,310.64
3794,255,195,0,255,311.09
3839,255,193,0,255,311.54
3884,255,190,0,255,311.99
3930,255,188,0,255,312.45
3975,255,186,0,255,312.9
4020,255,183,0,255,313.35
4065,255,181,0,255,313.8
4111,255,179,0,255,314.26
4156,255,177,0,255,314.71
4201,255,174,0,255,315.16
4246,255,172,0,255,315.61
4291,255,170,0,255,316.06
4337,255,167,0,255,316.52
4382,255,165,0,255,316.97
4427,255,161,0,255,317.42
4472,255,157,0,255,317.87
4518,255,153,0,255,318.33
4563,255,149,0,255,318.78
4608,255,144,0,255,319.23
4653,255,140,0,255,319.68
4698,255,136,0,255,320.13
4744,255,132,0,255,320.59
4789,255,128,0,255,321.04
4834,255,124,0,255,321.49
4879,255,120,0,255,321.94
4925,255,116,0,255,322.4
4970,255,111,0,255,322.85
5015,255,107,0,255,323.3
5060,255,103,0,255,323.75
5106,255,99,0,255,324.21
5151,255,95,0,255,324.66
5196,255,91,0,255,325.11
5241,255,87,0,255,325.56
5286,255,83,0,255,326.01
5332,255,78,0,255,326.47
5377,255,74,0,255,326.92
5422,255,70,0,255,327.37
5467,255,66,0,255,327.82
5513,255,62,0,255,328.28
5558,255,58,0,255,328.73
5603,255,54,0,255,329.18
5648,255,50,0,255,329.63
5693,255,45,0,255,330.08
5739,255,41,0,255,330.54
5784,255,37,0,255,330.99
5829,255,33,0,255,331.44
5874,255,29,0,255,331.89
5920,255,25,0,255,332.35
5965,255,21,0,255,332.8
6010,255,17,0,255,333.25
6055,255,12,0,255,333.7
6101,255,8,0,255,334.16
6146,255,4,0,255,334.61
6191,255,0,0,255,335.06
6236,251,0,3,255,335.51
6281,247,0,7,255,335.96
6327,242,0,10,255,336.42
6372,238,0,14,255,336.87
6417,234,0,17,255,337.32
6462,230,0,20,255,337.77
6508,226,0,24,255,338.23
6553,221,0,27,255,338.68
6598,217,0,31,255,339.13
6643,213,0,34,255,339.58
6688,209,0,37,255,340.03
6734,205,0,41,255,340.49
6779,200,0,44,255,340.94
6824,196,0,48,255,341.39
6869,192,0,51,255,341.84
6915,188,0,54,255,342.3
6960,184,0,58,255,342.75
7005,179,0,61,255,343.2
7050,175,0,65,255,343.65
7095,171,0,68,255,344.1
7141,167,0,71,255,344.56
7186,163,0,75,255,345.01
7231,158,0,78,255,345.46
7276,154,0,82,255,345.91
7322,150,0,85,255,346.37
7367,146,0,88,255,346.82
7412,142,0,92,255,347.27
7457,137,0,95,255,347.72
7503,133,0,99,255,348.18
7548,129,0,102,255,348.63
7593,125,0,105,255,349.08
7638,121,0,109,255,349.53
7683,116,0,112,255,349.98
7729,112,0,116,255,350.44
7774,108,0,119,255,350.89
7819,104,0,122,255,351.34
7864,100,0,126,255,351.79
7910,95,0,129,255,352.25
7955,91,0,133,255,352.7
8000,87,0,136,255,353.15
